HAT-P-23 b	0	2.09	1.368	1.212884	0.0232	0.106	0.0	0.0	0.0	85.1	1873.6	0.0	transit	2010	11/05/20	20.4083333333	16.7622222222	393.0	1.13	1.203	0.15	5905.0	0.0	
WASP-18 b	0	10.43	1.165	0.9414518	0.02047	0.0088	0.0	0.0	0.0	86.0	2187.5	0.0	transit	2009	12/07/05	1.62361111111	-44.3222222222	100.0	1.24	1.23	0.0	6400.0	0.0	
CoRoT-17 b	0	2.45	1.02	3.768125	0.0461	0.0	0.0	0.0	0.0	88.34	1486.4	0.0	transit	2010	11/05/11	18.5797222222	-5.38777777778	920.0	1.04	1.59	0.0	5740.0	0.0	
HAT-P-15 b	0	1.946	1.072	10.863502	0.0964	0.19	0.0	0.0	0.0	89.1	819.9	0.0	transit	2010	10/05/31	4.41666666667	39.4605555556	190.0	1.013	1.08	0.22	5568.0	0.0	
HAT-P-42 b	0	0.975	1.277	4.641876	0.0575	0.0	0.0	0.0	0.0	85.9	1427.0	0.0	transit	2013	13/01/02	9.02277777778	6.09722222222	447.0	1.179	1.528	0.27	0.0	5.1	
HAT-P-13 b	0	0.85	1.28	2.916243	0.0426	0.0142	0.0	0.0	0.0	83.3	1504.3	0.0	transit	2009	12/04/08	8.65888888889	47.3519444444	214.0	1.22	1.56	0.43	5638.0	0.0	
CoRoT-5 b	0	0.467	1.388	4.0378962	0.04947	0.09	0.0	0.0	0.0	85.83	1316.3	0.0	transit	2008	09/07/18	6.75194444444	0.815277777778	400.0	1.0	1.186	-0.25	6100.0	0.0	
KOI-94 e	0	0.11009952	0.59781473	54.32031	0.3046	0.019	0.0	0.0	0.0	89.76	584.0	0.0	transit	2012	13/03/15	19.8222222222	41.8911111111	426.2	1.277	1.52	0.0228	6182.0	3.16	
WASP-21 b	0	0.3	1.21	4.322506	0.052	0.0	0.0	0.0	0.0	87.29	1154.6	0.0	transit	2010	11/06/13	23.1661111111	18.3961111111	230.0	1.01	1.06	-0.4	5800.0	0.0	
WASP-28 b	0	0.91	1.12	3.408821	0.0455	0.046	0.0	0.0	0.0	89.1	1291.9	0.0	transit	2010	10/04/20	23.5744444444	-0.42	334.0	1.08	1.05	-0.29	6100.0	0.0	
Kepler-17 b	0	2.45	1.312	1.4857108	0.02591	0.011	0.0	0.0	0.0	87.2	1622.7	0.0	transit	2011	11/10/26	19.8930555556	47.815	800.0	1.16	1.05	0.26	5781.0	0.0	
WASP-47 b	0	1.14	1.15	4.1591399	0.052	0.0	0.0	0.0	0.0	89.2	1119.7	0.0	transit	2011	12/04/24	22.0802777778	-11.9811111111	200.0	1.084	1.15	0.18	5400.0	0.0	
HAT-P-29 b	0	0.778	1.107	5.72318	0.0667	0.095	0.0	0.0	0.0	87.1	1149.1	0.0	transit	2011	11/03/09	2.20861111111	51.7788888889	322.0	1.207	1.224	0.21	6087.0	0.0	
HAT-P-3 b	0	0.591	0.827	2.899703	0.03866	0.0	0.0	0.0	0.0	87.07	1047.2	0.0	transit	2007	11/03/26	13.7397222222	48.0286111111	130.0	0.917	0.799	0.27	5224.0	0.0	
CoRoT-13 b	0	1.308	0.885	4.03519	0.051	0.0	0.0	0.0	0.0	88.02	1166.5	0.0	transit	2010	10/07/12	6.84805555556	-4.91361111111	1310.0	1.09	1.01	0.01	5945.0	0.0	
WASP-13 b	0	0.485	1.365	4.353011	0.05379	0.0	0.0	0.0	0.0	85.64	1203.3	0.0	transit	2008	11/09/14	9.34027777778	33.8825	156.0	0.0	0.0	0.0	5826.0	0.0	
OGLE-TR-56 b	0	1.3	1.2	1.211909	0.0225	0.0	0.0	0.0	0.0	78.8	1390.3	0.0	transit	2002	10/06/24	17.9430555556	-28.4608333333	1500.0	1.17	1.32	0.0	5940.0	0.0	
WASP-1 b	0	0.86	1.484	2.5199464	0.0382	0.0	0.0	0.0	0.0	88.65	1644.3	0.0	transit	2006	11/06/15	0.344444444444	31.99	0.0	1.24	1.382	0.0	6200.0	0.0	
CoRoT-1 b	0	1.03	1.49	1.5089557	0.0254	0.0	0.0	0.0	0.0	85.1	1898.0	0.0	transit	2007	12/04/05	6.80527777778	-2.89777777778	460.0	0.95	1.11	-0.3	6298.0	0.0	
HAT-P-36 b	0	1.832	1.264	1.327	0.0238	0.063	0.0	0.0	0.0	86.0	1669.2	0.0	transit	2012	12/01/04	12.5511111111	44.9152777778	317.0	1.022	1.096	0.26	5580.0	0.0	
Kepler-5 b	0	2.114	1.431	3.54846	0.05064	0.0	0.0	0.0	0.0	86.3	1652.1	0.0	transit	2010	10/04/23	19.9605555556	44.035	0.0	1.374	1.793	0.04	6297.0	0.0	
XO-4 b	0	1.72	1.34	4.1250823	0.0555	0.0	0.0	0.0	0.0	88.7	1328.2	0.0	transit	2008	11/11/28	7.35916666667	58.2680555556	293.0	1.32	1.55	-0.04	5700.0	0.0	
WASP-7 b	0	0.96	1.33	4.9546416	0.0617	0.0	0.0	0.0	0.0	87.03	1359.5	0.0	transit	2008	12/04/08	20.7361111111	-38.7747222222	140.0	1.276	1.432	0.0	6400.0	0.0	
PSR J1719-1438 b	0	1.2	0.41	0.0904	0.00442	0.0	0.0	0.0	0.0	0.0	5375.9	0.0	timing	2011	12/01/01	17.3194444444	-13.3663888889	1200.0	1.4	2.8735632e-05	0.0	5700.0	0.0	
WTS-1 b	0	4.01	1.49	3.35	0.047	0.0	0.0	0.0	0.0	85.5	1362.3	0.0	transit	2012	12/10/04	19.5994444444	36.2902777778	3200.0	1.2	1.15	0.0	6250.0	0.0	
HAT-P-30 b	0	0.711	1.34	2.810595	0.0419	0.035	0.0	0.0	0.0	83.6	1552.5	0.0	transit	2011	12/11/24	8.26333333333	5.83666666667	192.0	1.24	0.898	0.13	6304.0	0.0	
Saturn	0	0.299	0.832944	10755.67	9.54149883	0.05550825	92.86136063	50.07571329	113.63998702	2.49424102	80.0	0.0		0	12/01/01	0.0	0.0	0.0	1.0	1.0	1e-08	0.0	0.0	
OGLE-TR-211 b	0	0.75	1.26	3.67724	0.051	0.0	0.0	0.0	0.0	87.2	1581.5	0.0	transit	2007	10/06/24	10.6708333333	-61.5444444444	0.0	1.33	1.64	0.11	6325.0	0.0	
WASP-5 b	0	1.637	1.171	1.6284246	0.02729	0.0	0.0	0.0	0.0	85.8	1584.0	0.0	transit	2007	10/11/29	23.9566666667	-40.7227777778	297.0	1.0	1.084	0.09	5700.0	0.0	
WASP-67 b	0	0.42	1.4	4.61442	0.0517	0.0	0.0	0.0	0.0	85.8	940.6	0.0	transit	2011	12/04/24	19.7163888889	-18.0505555556	225.0	0.87	0.87	-0.07	5200.0	0.0	
OGLE-TR-111 b	0	0.54	1.077	4.01451	0.047	0.0	0.0	0.0	0.0	88.1	940.0	0.0	transit	2004	10/12/14	10.8883333333	-60.5944444444	1500.0	0.82	0.831	0.12	5070.0	0.0	
CoRoT-19 b	0	1.11	1.45	3.89713	0.0518	0.047	0.0	0.0	0.0	87.61	1515.3	0.0	transit	2011	11/07/05	0.0	0.0	800.0	1.21	1.65	-0.02	6090.0	0.0	
Venus	0	0.0025637401	0.08656491	224.7	0.72332102	0.00676399	131.76755713	181.9797085	76.67261496	3.39777545	300.0	0.0		0	12/01/01	0.0	0.0	0.0	1.0	1.0	1e-08	0.0	0.0	
BD+30 1138 b	0	1.462	1.358	2.70339	0.04126	0.0	0.0	0.0	0.0	84.14	1667.7	0.0	transit	2012	12/11/07	9.78	31.7436111111	178.0	1.282	1.482	0.047	6304.0	0.0	
HAT-P-9 b	0	0.67	1.4	3.922814	0.053	0.0	0.0	0.0	0.0	86.5	1397.3	0.0	transit	2008	11/05/20	7.34444444444	37.1405555556	480.0	1.28	1.32	0.12	6350.0	0.0	
CoRoT-23 b	0	2.8	1.05	3.6314	0.0477	0.16	0.0	0.0	0.0	85.7	1508.9	0.0	transit	2011	11/09/20	0.0	0.0	600.0	1.14	1.61	0.05	5900.0	0.0	
Kepler-68 b	0	0.02610931	0.2105109	5.398763	0.0617	0.0	0.0	0.0	0.0	87.6	1280.0	0.0	transit	2013	13/02/13	19.4022222222	49.0402777778	135.0	1.079	1.243	0.12	5793.0	6.3	
WASP-63 b	0	0.38	1.43	4.37809	0.0574	0.0	0.0	0.0	0.0	87.8	442.9	0.0	transit	2011	12/04/24	6.28916666667	-37.6766666667	330.0	1.32	1.88	0.08	5550.0	0.0	
Qatar-1 b	0	1.33	1.164	1.42002504	0.02343	0.0	0.0	0.0	0.0	83.82	1389.0	0.0	transit	2010	13/04/02	20.2255555556	65.1619444444	0.0	0.85	0.8	0.2	4910.0	4.5	
WASP-29 b	0	0.244	0.792	3.922727	0.0457	0.03	0.0	0.0	0.0	88.8	910.6	0.0	transit	2010	10/09/28	23.8586111111	-38.0933333333	80.0	0.825	0.846	0.11	4800.0	0.0	
WASP-50 b	0	1.47	1.15	1.955096	0.02945	0.009	0.0	0.0	0.0	84.74	1289.9	0.0	transit	2011	11/08/15	2.9125	-9.10194444444	230.0	0.89	0.84	-0.12	5400.0	0.0	
Jupiter	0	1.0	1.0	4332.82	5.20248019	0.0485359	14.27495244	34.33479152	100.29282654	1.29861416	110.0	0.0		0	12/01/01	0.0	0.0	0.0	1.0	1.0	1e-08	0.0	0.0	
HD 97658 b	0	0.02	0.262	9.4957	0.0797	0.13	0.0	0.0	0.0	0.0	689.2	0.0	transit	2010	11/09/13	11.2425	25.7102777778	21.1	0.85	0.73	-0.23	5170.0	0.0	
Kepler-12 b	0	0.431	1.695	4.4379637	0.0556	0.01	0.0	0.0	0.0	88.76	1354.2	0.0	transit	2011	11/09/09	0.0	0.0	0.0	1.166	1.483	0.07	5947.0	0.0	
HAT-P-4 b	0	0.68	1.27	3.0565114	0.0446	0.0	0.0	0.0	0.0	89.67	1550.7	0.0	transit	2007	12/04/05	15.3327777778	36.2297222222	310.0	1.26	1.59	0.24	5890.0	0.0	
HAT-P-24 b	0	0.685	1.242	3.35524	0.0465	0.067	0.0	0.0	0.0	88.6	1495.0	0.0	transit	2010	12/07/05	7.255	14.2622222222	306.0	1.191	1.317	-0.16	6373.0	0.0	
CoRoT-14 b	0	7.6	1.09	1.51214	0.027	0.0	0.0	0.0	0.0	79.6	1781.4	0.0	transit	2010	10/12/22	6.895	-4.46388888889	1340.0	1.13	1.21	0.05	6035.0	0.0	
HAT-P-14 b	0	2.2	1.2	4.627657	0.0594	0.095	0.0	0.0	0.0	83.2	1445.9	0.0	transit	2010	12/04/08	17.3411111111	38.2422222222	205.0	1.386	1.468	0.11	6600.0	0.0	
CoRoT-21 b	0	2.26	1.3	2.72474	0.0417	0.0	0.0	0.0	0.0	86.8	1867.0	0.0	transit	2011	11/12/13	0.0	0.0	0.0	1.29	1.945	0.0	6200.0	0.0	
Mars	0	0.00033799525	0.048489079	686.98	1.52371243	0.09336511	-23.91744784	-4.56813164	49.71320984	1.85181869	206.0	0.0		0	12/01/01	0.0	0.0	0.0	1.0	1.0	1e-08	0.0	0.0	
HAT-P-12 b	0	0.211	0.959	3.2130598	0.0384	0.0	0.0	0.0	0.0	0.0	875.4	0.0	transit	2009	09/05/04	13.9594444444	43.4936111111	142.5	0.73	0.7	-0.29	4650.0	0.0	
HD 80606 b	2	3.94	0.921	111.43637	0.449	0.93366	0.0	0.0	0.0	89.285	339.6	0.0	transit	2001	12/12/08	9.37694444444	50.6036111111	58.4	0.98	0.98	0.43	5370.0	7.63	
CoRoT-4 b	0	0.72	1.19	9.20205	0.09	0.0	0.0	0.0	0.0	90.0	975.6	0.0	transit	2008	08/11/27	6.81305555556	0.672777777778	0.0	1.1	1.15	0.05	6190.0	0.0	
WASP-6 b	0	0.503	1.224	3.361006	0.0421	0.054	0.0	0.0	0.0	88.47	1092.2	0.0	transit	2008	12/04/08	23.2105555556	-21.3261111111	307.0	0.888	0.87	-0.2	5450.0	0.0	
WASP-23 b	0	0.884	0.962	2.9444256	0.0376	0.062	0.0	0.0	0.0	88.39	1024.0	0.0	transit	2010	11/03/24	6.74194444444	-41.2380555556	0.0	0.78	0.765	0.0	5150.0	0.0	
KOI-94 c	0	0.04907293	0.39368287	10.423648	0.1013	0.43	0.0	0.0	0.0	88.36	1012.0	0.0	transit	2012	13/03/15	19.8222222222	41.8911111111	426.2	1.277	1.52	0.0228	6182.0	3.16	
CoRoT-10 b	0	2.75	0.97	13.2406	0.1055	0.53	0.0	0.0	0.0	88.55	600.8	0.0	transit	2010	10/06/14	19.4041666667	0.746111111111	345.0	0.89	0.79	0.26	5075.0	0.0	
HAT-P-1 b	0	0.524	1.217	4.4652934	0.05535	0.067	0.0	0.0	0.0	86.28	1182.1	0.0	transit	2006	11/02/07	22.9630555556	38.675	139.0	1.133	1.115	0.13	5975.0	0.0	
WASP-10 b	0	3.06	1.08	3.0927616	0.0371	0.057	0.0	0.0	0.0	86.8	946.8	0.0	transit	2008	08/12/02	23.2661111111	31.4627777778	90.0	0.71	0.783	0.03	4675.0	0.0	
KOI-94 d	0	0.33344427	1.0270384	22.342989	0.1684	0.022	0.0	0.0	0.0	89.871	806.0	0.0	transit	2012	13/03/15	19.8222222222	41.8911111111	426.2	1.277	1.52	0.0228	6182.0	3.16	
XO-3 b	0	11.79	1.217	3.1915239	0.0454	0.26	0.0	0.0	0.0	84.2	1554.5	0.0	transit	2007	12/04/08	4.36472222222	57.8169444444	260.0	1.213	1.377	-0.177	6429.0	0.0	
HAT-P-35 b	0	1.054	1.332	3.6467	0.0498	0.025	0.0	0.0	0.0	87.3	1442.8	0.0	transit	2012	12/01/04	8.21666666667	4.78694444444	535.0	1.236	1.435	0.11	6096.0	0.0	
Gliese 436 b	0	0.0737	0.365	2.6438986	0.02887	0.15	0.0	0.0	0.0	85.8	650.3	0.0	transit	2004	12/07/20	11.7030555556	26.7063888889	10.2	0.452	0.464	-0.32	3684.0	0.0	
Gliese 436 c	0	0.0008807961	0.06014599	1.3658	0.0185	0.0	0.0	0.0	0.0	85.1	813.5	0.0	transit	2012	12/07/20	11.7030555556	26.7063888889	10.2	0.452	0.464	-0.32	3684.0	0.0	
KOI-200 b	0	0.68	1.32	7.340718	0.084	0.287	64.0	0.0	0.0	85.55	1250.0	0.0	transit	2012	13/04/22	19.5394444444	41.3555555556	1330.0	1.4	1.51	0.34	6050.0	2.9	
WASP-46 b	0	2.101	1.31	1.43037	0.02448	0.0	0.0	0.0	0.0	82.63	1516.6	0.0	transit	2011	11/05/17	21.2491666667	-54.1283333333	0.0	0.956	0.917	-0.37	5620.0	0.0	
HAT-P-39 b	0	0.599	1.571	3.54387	0.0509	0.0	0.0	0.0	0.0	87.0	1601.9	0.0	transit	2012	12/07/16	7.58388888889	17.83	642.0	1.404	1.625	0.19	6430.0	0.0	
Neptune	0	0.053953	0.35221925	60190.03	30.06952752	0.00895439	46.68158724	304.22289287	131.78635853	1.7700552	40.0	0.0		1846	12/01/01	0.0	0.0	0.0	1.0	1.0	1e-08	0.0	0.0	
WASP-14 b	0	7.341	1.281	2.2437661	0.036	0.087	0.0	0.0	0.0	84.79	1718.8	0.0	transit	2008	12/04/08	14.5516666667	21.8947222222	160.0	1.211	1.306	0.0	6475.0	0.0	
HAT-P-37 b	0	1.169	1.178	2.797436	0.0378	0.058	0.0	0.0	0.0	86.9	1166.3	0.0	transit	2012	12/01/04	18.9530555556	51.2691666667	411.0	0.929	0.877	0.03	5500.0	0.0	
WASP-41 b	0	0.92	1.21	3.052394	0.04	0.0	0.0	0.0	0.0	87.3	1207.5	0.0	transit	2010	10/12/15	0.0	0.0	180.0	0.95	1.01	-0.08	5450.0	0.0	
WASP-3 b	0	2.06	1.454	1.8468372	0.0313	0.0	0.0	0.0	0.0	85.06	1825.6	0.0	transit	2007	11/06/23	18.5755555556	35.6616666667	223.0	1.24	1.31	0.0	6400.0	0.0	
WASP-78 b	0	1.16	1.75	2.17517656	0.0415	0.0	0.0	0.0	0.0	89.0	2006.7	0.0	transit	2012	12/06/07	4.25055555556	-21.8836111111	550.0	2.02	2.31	-0.35	6100.0	0.0	
HD 189733 b	0	1.138	1.138	2.21857312	0.03142	0.0041	0.0	0.0	0.0	85.51	1099.7	0.0	transit	2005	11/12/12	20.0119444444	22.7108333333	19.3	0.8	0.788	-0.03	4980.0	0.0	
KOI-889 b	0	9.9	1.03	8.884924	0.08	0.569	63.6	0.0	0.0	89.1	850.0	0.0	transit	2013	13/04/23	19.4091666667	36.5775	1140.0	0.88	0.88	-0.07	5330.0	6.0	
KELT-2A b	0	1.486	1.306	4.1137914	0.05498	0.185	0.0	0.0	0.0	0.0	1565.7	0.0	transit	2012	12/06/11	6.1775	30.9572222222	128.9	1.31	1.842	-0.015	6148.0	0.0	
WASP-55 b	0	0.57	1.3	4.465633	0.0533	0.0	0.0	0.0	0.0	89.2	1160.1	0.0	transit	2011	12/04/24	13.9172222222	-16.4963888889	330.0	1.01	1.06	-0.2	5900.0	0.0	
CoRoT-18 b	0	3.47	1.31	1.9000693	0.0295	0.08	0.0	0.0	0.0	86.5	1396.0	0.0	transit	2011	12/04/05	0.0	0.0	870.0	0.95	1.0	-0.1	5440.0	0.0	
WASP-45 b	0	1.007	1.16	3.1260876	0.04054	0.0	0.0	0.0	0.0	84.47	1094.2	0.0	transit	2011	11/05/17	0.349166666667	-34.0016666667	0.0	0.909	0.945	0.36	5140.0	0.0	
WASP-31 b	0	0.478	1.537	3.405909	0.04657	0.0	0.0	0.0	0.0	84.54	1410.6	0.0	transit	2010	12/07/05	11.2958333333	-18.9452777778	400.0	1.16	1.24	-0.19	6200.0	0.0	
55 Cnc e	2	0.027	0.194	0.7365449	0.0156	0.06	0.0	0.0	0.0	0.0	1780.9	0.0	transit	2004	12/05/11	8.87694444444	28.3338888889	12.34	0.905	0.943	0.31	5196.0	0.0	
WASP-36 b	0	2.279	1.269	1.5373653	0.02624	0.0	0.0	0.0	0.0	83.65	1554.5	0.0	transit	2010	11/10/25	8.75527777778	-7.97305555556	450.0	1.02	0.943	-0.31	5881.0	0.0	
WASP-66 b	0	2.32	1.39	4.086052	0.0546	0.0	0.0	0.0	0.0	85.9	1647.5	0.0	transit	2011	12/04/24	10.5483333333	-33.0102777778	380.0	1.3	1.75	-0.31	6600.0	0.0	
HAT-P-40 b	0	0.615	1.73	4.457243	0.0608	0.0	0.0	0.0	0.0	88.3	1614.8	0.0	transit	2012	12/07/16	22.3675	45.4575	501.0	1.512	2.206	0.22	6080.0	0.0	
HAT-P-19 b	0	0.292	1.132	4.008778	0.0466	0.067	0.0	0.0	0.0	88.2	922.7	0.0	transit	2010	10/07/29	0.634444444444	34.7116666667	215.0	0.842	0.82	0.23	4990.0	0.0	
HAT-P-8 b	0	1.275	1.321	3.0763402	0.0439	0.0	0.0	0.0	0.0	87.8	1713.0	0.0	transit	2008	12/12/17	22.8694444444	35.4472222222	230.0	1.192	1.475	0.01	6200.0	4.3	
WASP-32 b	0	3.46	1.1	2.718661	0.039	0.0	0.0	0.0	0.0	85.1	1427.6	0.0	transit	2010	13/03/30	0.264166666667	1.20055555556	0.0	1.07	1.09	-0.13	6100.0	2.42	
CoRoT-7 b	0	0.0151	0.15	0.853585	0.0172	0.0	0.0	0.0	0.0	80.1	1666.1	0.0	transit	2009	10/10/15	6.73027777778	-0.937222222222	150.0	0.93	0.87	0.03	5313.0	0.0	
CoRoT-9 b	0	0.84	1.05	95.2738	0.407	0.11	0.0	0.0	0.0	89.9	376.6	0.0	transit	2010	10/03/17	18.7191666667	6.20416666667	460.0	0.99	0.94	-0.01	5625.0	0.0	
HAT-P-5 b	0	1.06	1.252	2.788491	0.04079	0.0	0.0	0.0	0.0	86.75	1387.4	0.0	transit	2007	12/05/22	18.2936111111	36.6216666667	340.0	1.163	1.137	0.24	5960.0	0.0	
WASP-22 b	0	0.588	1.158	3.5327313	0.04698	0.0	0.0	0.0	0.0	88.26	1297.5	0.0	transit	2010	11/07/01	3.52111111111	-22.1802777778	300.0	1.1	1.13	-0.05	6000.0	0.0	
WASP-71 b	0	2.258	1.5	2.9036747	0.04631	0.0	0.0	0.0	0.0	84.2	1888.1	0.0	transit	2012	12/11/14	1.95083333333	0.758888888889	200.0	1.21	1.27	0.0	6050.0	0.0	
HAT-P-21 b	0	4.063	1.024	4.124461	0.0494	0.228	0.0	0.0	0.0	87.2	1161.5	0.0	transit	2010	10/12/11	11.4183333333	41.0280555556	254.0	0.947	1.105	0.01	5588.0	0.0	
CoRoT-20 b	0	4.24	0.84	9.2	0.0902	0.562	0.0	0.0	0.0	88.21	810.2	0.0	transit	2011	11/06/14	0.0	0.0	1230.0	1.14	0.92	0.14	5880.0	0.0	
HAT-P-34 b	0	3.328	1.197	5.4527	0.0677	0.441	0.0	0.0	0.0	87.1	1335.3	0.0	transit	2012	12/01/04	20.2130555556	18.105	257.0	1.392	1.535	0.22	6442.0	0.0	
Kepler-7 b	0	0.433	1.614	4.885525	0.06246	0.1	0.0	0.0	0.0	85.18	1486.8	0.0	transit	2010	11/05/27	19.2388888889	41.0897222222	0.0	1.36	2.02	0.11	5933.0	0.0	
CoRoT-3 b	0	21.66	1.01	4.2568	0.057	0.0	0.0	0.0	0.0	85.9	1554.7	0.0	transit	2008	12/04/05	19.4702777778	0.121944444444	680.0	1.37	1.56	-0.02	6740.0	0.0	
WASP-25 b	0	0.58	1.26	3.76483	0.0474	0.0	0.0	0.0	0.0	87.7	1135.0	0.0	transit	2010	12/03/23	13.0238888889	-26.4777777778	169.0	1.0	0.95	-0.05	5750.0	0.0	
XO-2 b	0	0.62	0.973	2.615838	0.0369	0.045	0.0	0.0	0.0	88.7	1203.3	0.0	transit	2007	11/10/28	7.80194444444	50.2258333333	149.0	0.98	0.964	0.45	5340.0	0.0	
WASP-19 b	0	1.168	1.386	0.78884	0.01655	0.0046	0.0	0.0	0.0	79.4	1911.5	0.0	transit	2009	12/07/05	9.89444444444	-44.3408333333	0.0	0.97	0.99	0.02	5500.0	0.0	
WASP-38 b	0	2.71	1.09	6.87188	0.0758	0.028	-22.2	0.0	0.0	89.5	1152.9	0.0	transit	2010	13/03/30	16.2638888889	10.0325	110.0	1.23	1.35	-0.12	6150.0	3.41	
HAT-P-27 b	0	0.62	1.02	3.039577	0.04	0.0	0.0	0.0	0.0	85.0	1102.7	0.0	transit	2011	13/03/30	14.8511111111	5.94722222222	204.0	0.92	0.87	0.14	5300.0	3.6	
OGLE-TR-113 b	0	1.24	1.11	1.4324772	0.0229	0.0	0.0	0.0	0.0	89.4	1211.0	0.0	transit	2004	10/06/24	10.8733333333	-60.5533333333	1500.0	0.78	0.765	0.14	4752.0	0.0	
HAT-P-38 b	0	0.267	0.825	4.640382	0.0523	0.067	0.0	0.0	0.0	88.3	987.0	0.0	transit	2012	12/01/25	0.0	0.0	249.0	0.886	0.923	0.06	5330.0	0.0	
CoRoT-11 b	0	2.49	1.39	2.994325	0.04351	0.0	0.0	0.0	0.0	81.41	1593.4	0.0	transit	2010	12/07/02	18.7125	5.93777777778	560.0	1.27	1.37	-0.03	6440.0	0.0	
WASP-62 b	0	0.57	1.39	4.411953	0.0567	0.0	0.0	0.0	0.0	88.3	1305.2	0.0	transit	2011	12/04/24	5.80944444444	-62.0116666667	160.0	1.25	1.28	0.04	6230.0	0.0	
HAT-P-32 b	0	0.941	2.037	2.150009	0.0344	0.163	0.0	0.0	0.0	88.7	1677.4	0.0	transit	2011	12/07/05	2.01944444444	46.6877777778	320.0	1.176	1.387	-0.16	6001.0	0.0	
WASP-11 b	0	0.46	1.045	3.722469	0.0439	0.0	0.0	0.0	0.0	88.5	943.2	0.0	transit	2008	08/11/27	3.15805555556	30.6736111111	125.0	0.82	0.81	0.13	4980.0	0.0	
WASP-79 b	0	0.89	1.7	2.17517632	0.0362	0.0	0.0	0.0	0.0	83.2	1958.7	0.0	transit	2012	12/06/07	4.42472222222	-29.3994444444	240.0	1.56	1.64	0.03	6600.0	0.0	
WASP-2 A b	2	0.847	1.079	2.15222144	0.03138	0.0	0.0	0.0	0.0	84.73	1170.7	0.0	transit	2006	13/01/27	20.515	6.42944444444	147.0	0.77	0.0	-0.08	5150.0	0.0	
WASP-33 b	0	4.59	1.438	1.21986967	0.02558	0.0	0.0	0.0	0.0	87.67	2451.5	0.0	transit	2010	12/04/08	2.4475	37.5505555556	116.0	1.495	1.444	0.1	7400.0	0.0	
HAT-P-41 b	0	0.8	1.685	2.69404	0.0426	0.0	0.0	0.0	0.0	87.7	1689.7	0.0	transit	2012	12/07/16	19.8213888889	4.67222222222	344.0	1.418	1.683	0.21	6390.0	0.0	
HAT-P-18 b	0	0.197	0.995	5.508023	0.0559	0.084	0.0	0.0	0.0	88.8	774.9	0.0	transit	2010	10/07/29	17.09	33.0125	166.0	0.77	0.749	0.1	4803.0	0.0	
HAT-P-7 b	0	1.709	1.4588	2.204737	0.0379	0.0	0.0	0.0	0.0	83.111	2733.0	0.0	transit	2008	13/01/24	19.4830555556	47.9694444444	320.0	1.415	1.9276	0.26	6350.0	2.2082	
Kepler-10 b	0	0.0143	0.127	0.837495	0.01684	0.0	0.0	0.0	0.0	84.4	1964.7	0.0	transit	2011	11/05/23	19.0452777778	50.2413888889	173.0	0.895	1.056	-0.15	5627.0	0.0	
Kepler-10 c	0	0.016415	0.203	45.3	0.2396	0.0	0.0	0.0	0.0	84.4	519.7	0.0	transit	2011	11/05/23	19.0452777778	50.2413888889	173.0	0.895	1.056	-0.15	5627.0	0.0	
OGLE-TR-10 b	0	0.68	1.72	3.10129	0.04162	0.0	0.0	0.0	0.0	84.5	1414.1	0.0	transit	2004	10/06/24	17.8577777778	-28.1238888889	1500.0	1.18	1.16	0.28	6075.0	0.0	
HAT-P-20 b	0	7.246	0.867	2.875317	0.0361	0.015	0.0	0.0	0.0	86.8	888.3	0.0	transit	2010	10/12/11	7.46111111111	24.3363888889	70.0	0.756	0.694	0.35	4595.0	0.0	
CoRoT-8 b	0	0.22	0.57	6.21229	0.063	0.0	0.0	0.0	0.0	88.4	783.1	0.0	transit	2010	10/06/14	19.4391666667	1.42666666667	380.0	0.88	0.77	0.3	5080.0	0.0	
WASP-15 b	0	0.542	1.428	3.7520656	0.0499	0.0	0.0	0.0	0.0	85.5	1511.3	0.0	transit	2008	10/11/29	13.9286111111	-31.8402777778	308.0	1.18	1.477	-0.17	6300.0	0.0	
Kepler-4 b	0	0.077	0.357	3.21346	0.0456	0.0	0.0	0.0	0.0	89.76	1474.7	0.0	transit	2010	10/01/06	19.0411111111	50.1358333333	550.0	1.223	1.487	0.17	5857.0	0.0	
HAT-P-26 b	0	0.059	0.565	4.234516	0.0479	0.124	0.0	0.0	0.0	88.6	907.4	0.0	transit	2010	10/10/07	0.0	0.0	134.0	0.816	0.788	-0.04	5079.0	0.0	
WASP-37 b	0	1.696	1.136	3.577471	0.04339	0.0	0.0	0.0	0.0	88.78	1213.5	0.0	transit	2010	10/08/19	14.7963888889	1.065	338.0	0.849	0.977	-0.4	5800.0	0.0	
HAT-P-16 b	0	4.193	1.289	2.77596	0.0413	0.036	0.0	0.0	0.0	86.6	1485.9	0.0	transit	2010	11/05/20	0.638333333333	42.4630555556	235.0	1.218	1.237	0.17	6158.0	0.0	
HAT-P-33 b	0	0.763	1.827	3.474474	0.0503	0.148	0.0	0.0	0.0	86.7	1675.2	0.0	transit	2011	11/06/10	7.54555555556	33.835	419.0	1.403	1.777	0.05	6401.0	0.0	
XO-5 b	0	1.077	1.03	4.1877537	0.0487	0.0	0.0	0.0	0.0	86.8	1133.5	0.0	transit	2008	11/03/07	7.78111111111	39.0947222222	255.0	0.88	1.06	0.18	5510.0	0.0	
OGLE-TR-132 b	0	1.17	1.23	1.689868	0.0306	0.0	0.0	0.0	0.0	83.4	1812.0	0.0	transit	2004	10/12/16	10.8427777778	-60.0430555556	1500.0	1.26	1.34	0.37	6210.0	0.0	
WASP-24 b	0	1.032	1.104	2.3412083	0.0359	0.0	0.0	0.0	0.0	83.64	1514.1	0.0	transit	2010	10/11/29	15.1477777778	2.34333333333	330.0	1.129	1.147	0.07	6075.0	0.0	
WASP-17 b	0	0.486	1.991	3.735438	0.0515	0.028	0.0	0.0	0.0	86.83	1517.8	0.0	transit	2009	12/04/08	15.9975	-27.9383333333	0.0	1.2	1.38	-0.19	6650.0	0.0	
WASP-26 b	0	1.028	1.281	2.7566004	0.03985	0.0	0.0	0.0	0.0	82.91	1521.3	0.0	transit	2010	12/07/05	0.306944444444	-14.7327777778	250.0	1.12	1.34	-0.02	5950.0	0.0	
OGLE-TR-182 b	0	1.06	1.47	3.9791	0.051	0.0	0.0	0.0	0.0	85.7	1235.0	0.0	transit	2007	10/06/24	11.1552777778	-60.9047222222	0.0	1.14	1.14	0.37	5924.0	0.0	
HD 209458 b	0	0.714	1.38	3.52474859	0.04747	0.0004	0.0	0.0	0.0	86.59	1316.1	0.0	transit	1999	12/07/05	22.0527777778	18.8844444444	47.0	1.148	1.146	0.02	6075.0	0.0	
HAT-P-43 b	0	0.66	1.283	3.332688	0.0443	0.0	0.0	0.0	0.0	88.7	1361.0	0.0	transit	2013	13/01/02	8.595	10.2066666667	543.0	1.048	1.104	0.23	0.0	5.7	
HAT-P-2 b	0	8.74	0.951	5.6334729	0.0674	0.5171	0.0	0.0	0.0	90.0	1343.6	0.0	transit	2007	12/07/05	16.3433333333	41.0480555556	118.0	1.36	1.64	0.14	6290.0	0.0	
HAT-P-28 b	0	0.626	1.212	3.257215	0.0434	0.051	0.0	0.0	0.0	88.0	1262.4	0.0	transit	2011	11/03/09	0.866666666667	34.7283333333	395.0	1.025	1.103	0.12	5680.0	0.0	
Uranus	0	0.0457	0.362775	30687.153	19.18797948	0.0468574	172.43404441	314.20276625	73.96250215	0.77298127	60.0	0.0		1781	12/01/01	0.0	0.0	0.0	1.0	1.0	1e-08	0.0	0.0	
CoRoT-16 b	0	0.535	1.17	5.35227	0.0618	0.33	0.0	0.0	0.0	85.01	1085.5	0.0	transit	2010	11/06/14	18.5683333333	-5.9975	840.0	1.098	1.19	0.19	5650.0	0.0	
WASP-39 b	0	0.28	1.27	4.055259	0.0486	0.0	0.0	0.0	0.0	87.83	1021.8	0.0	transit	2011	11/09/08	14.4883333333	-2.55555555556	230.0	0.93	0.895	-0.12	5400.0	0.0	
Kepler-6 b	0	0.669	1.323	3.234723	0.04567	0.0	0.0	0.0	0.0	86.8	1374.1	0.0	transit	2010	11/12/01	19.7891666667	48.24	0.0	1.209	1.391	0.34	5647.0	0.0	
HD 17156 b	0	3.191	1.095	21.2163979	0.1623	0.6768	0.0	0.0	0.0	87.21	790.5	0.0	transit	2007	12/04/08	2.82888888889	71.7533333333	78.24	1.275	1.508	0.24	6079.0	0.0	
CoRoT-2 b	0	3.31	1.465	1.7429964	0.0281	0.0	0.0	0.0	0.0	87.84	1392.7	0.0	transit	2007	12/04/05	19.4519444444	1.38388888889	300.0	0.97	0.902	0.0	5575.0	0.0	
HAT-P-25 b	0	0.567	1.19	3.652836	0.0466	0.032	0.0	0.0	0.0	87.6	1100.1	0.0	transit	2010	10/12/11	3.22916666667	25.1975	297.0	1.01	0.959	0.31	5500.0	0.0	
HAT-P-22 b	0	2.147	1.08	3.21222	0.0414	0.016	0.0	0.0	0.0	86.9	1171.7	0.0	transit	2010	10/12/11	10.3788888889	50.1283333333	82.0	0.916	1.04	0.24	5302.0	0.0	
WASP-4 b	0	1.1215	1.363	1.33823187	0.02312	0.0	0.0	0.0	0.0	88.8	1710.4	0.0	transit	2007	11/04/04	23.5708333333	-41.9386111111	300.0	0.93	1.15	-0.03	5500.0	0.0	
HAT-P-6 b	0	1.057	1.33	3.853003	0.05235	0.0	0.0	0.0	0.0	85.51	1529.9	0.0	transit	2007	12/07/05	23.6516666667	42.4661111111	200.0	1.29	1.46	-0.13	6570.0	0.0	
CoRoT-12 b	0	0.917	1.44	2.828042	0.04016	0.07	0.0	0.0	0.0	85.48	1318.7	0.0	transit	2010	10/06/14	6.71777777778	-0.703611111111	1150.0	1.078	1.116	0.16	5675.0	0.0	
WASP-12 b	0	1.404	1.736	1.0914222	0.02293	0.0	0.0	0.0	0.0	86.0	2319.7	0.0	transit	2008	12/07/05	6.50916666667	29.6722222222	427.0	1.35	1.599	0.3	6300.0	0.0	
HAT-P-17 b	0	0.534	1.01	10.338523	0.0882	0.346	0.0	0.0	0.0	89.2	707.1	0.0	transit	2010	12/04/03	21.6358333333	30.4886111111	90.0	0.857	0.837	0.0	5246.0	0.0	
WASP-34 b	0	0.59	1.22	4.3176782	0.0524	0.038	0.0	0.0	0.0	85.2	1058.7	0.0	transit	2010	10/12/13	11.0266666667	-22.1394444444	120.0	1.01	0.93	-0.02	5700.0	0.0	
Gliese 3470 b	0	0.04372523	0.440159	3.33671	0.03557	0.0	0.0	0.0	0.0	88.3	603.5	0.0	transit	2012	13/01/28	7.985	15.3916666667	30.7	0.539	0.568	0.2	3600.0	0.0	
Kepler-8 b	0	0.603	1.419	3.52254	0.0483	0.0	0.0	0.0	0.0	84.07	1519.5	0.0	transit	2010	12/07/05	18.7525	42.4511111111	1330.0	1.213	1.486	-0.055	6213.0	0.0	
Kepler-21 b	0	0.033	0.1459	2.785755	0.042507	0.0	0.0	0.0	0.0	82.58	1788.2	0.0	transit	2011	11/12/12	19.1575	38.7138888889	108.0	1.34	1.86	-0.15	6131.0	0.0	
HATS-1 b	0	1.855	1.302	3.446459	0.0444	0.12	0.0	0.0	0.0	85.6	1250.3	0.0	transit	2012	12/06/08	11.7016666667	-22.6452777778	303.0	0.986	1.038	-0.06	5870.0	0.0	
WASP-44 b	0	0.869	1.002	2.4238133	0.03445	0.0	0.0	0.0	0.0	86.02	1304.0	0.0	transit	2011	13/01/14	0.260277777778	-10.0619444444	0.0	0.917	0.865	0.06	5410.0	4.1	
Gliese 1214 b	0	0.02	0.245	1.58040482	0.014	0.27	0.0	0.0	0.0	88.8	519.6	0.0	transit	2009	10/12/07	17.2552777778	4.96388888889	13.0	0.153	0.21	0.39	3026.0	0.0	
HD 149026 b	0	0.356	0.718	2.8758916	0.04288	0.0	0.0	0.0	0.0	85.3	1601.5	0.0	transit	2005	12/07/05	16.5080555556	38.3472222222	78.9	1.3	1.497	0.36	6147.0	0.0	
WASP-16 b	0	0.855	1.008	3.1186009	0.0421	0.0	0.0	0.0	0.0	85.22	1160.0	0.0	transit	2009	12/07/05	14.3122222222	-19.7244444444	0.0	1.022	0.946	0.01	5550.0	0.0	
WASP-61 b	0	2.06	1.24	3.8559	0.0514	0.0	0.0	0.0	0.0	89.35	1417.5	0.0	transit	2011	12/04/24	5.02	-25.9458333333	480.0	1.22	1.36	-0.1	6250.0	0.0	
WASP-8 b	0	2.244	1.038	8.158715	0.0801	0.31	0.0	0.0	0.0	88.55	846.5	0.0	transit	2008	12/04/08	23.9933333333	-34.9686111111	87.0	1.033	0.953	0.17	5600.0	0.0	
HAT-P-31 b	0	2.171	1.07	5.005425	0.055	0.245	0.0	0.0	0.0	87.1	1324.7	0.0	transit	2011	11/06/08	18.1025	26.4266666667	354.0	1.218	1.36	0.15	6065.0	0.0	
XO-1 b	0	0.9	1.184	3.9415128	0.0488	0.0	0.0	0.0	0.0	89.31	1168.0	0.0	transit	2006	10/10/11	16.0366666667	28.1697222222	200.0	1.0	0.928	0.0	5940.0	0.0	
KOI-872 b	0	6.0	0.812	33.60134	0.1967	0.01	0.0	0.0	0.0	89.033	496.9	0.0	timing	2012	12/05/12	19.2847222222	42.6041666667	857.0	0.902	0.94	0.41	5155.0	0.0	
Qatar-2 b	0	2.487	1.144	1.3371182	0.02149	0.0	0.0	0.0	0.0	88.3	1179.7	0.0	transit	2011	11/10/28	13.8436111111	-5.19611111111	0.0	0.74	0.713	0.0	4645.0	0.0	
HAT-P-11 b	0	0.081	0.452	4.887804	0.053	0.198	0.0	0.0	0.0	88.5	790.9	0.0	transit	2009	09/05/09	19.8472222222	48.0808333333	38.0	0.81	0.75	0.31	4780.0	0.0	
Kepler-11 g	0	0.07864251	0.303463	118.37774	0.466	0.0	0.0	0.0	0.0	89.8	386.4	0.0	transit	2011	13/03/04	19.8077777778	41.9091666667	613.20279	0.961	1.053	0.0	5663.0	8.1	
Kepler-11 f	0	0.006291401	0.226003	46.68876	0.25	0.013	0.0	0.0	0.0	89.4	525.3	0.0	transit	2011	13/03/04	19.8077777778	41.9091666667	613.20279	0.961	1.053	0.0	5663.0	8.1	
Kepler-11 e	0	0.0251656	0.380924	31.9959	0.195	0.012	0.0	0.0	0.0	88.8	596.4	0.0	transit	2011	13/03/04	19.8077777778	41.9091666667	613.20279	0.961	1.053	0.0	5663.0	8.1	
Kepler-11 d	0	0.022963	0.28341522	22.68719	0.155	0.004	0.0	0.0	0.0	89.3	658.7	0.0	transit	2011	13/03/04	19.8077777778	41.9091666667	613.20279	0.961	1.053	0.0	5663.0	8.1	
Kepler-11 c	0	0.00912253	0.2615439	13.02502	0.107	0.026	0.0	0.0	0.0	89.0	806.8	0.0	transit	2011	13/03/04	19.8077777778	41.9091666667	613.20279	0.961	1.053	0.0	5663.0	8.1	
Kepler-11 b	0	0.00597683	0.16403453	10.30375	0.091	0.045	0.0	0.0	0.0	88.5	870.7	0.0	transit	2011	13/03/04	19.8077777778	41.9091666667	613.20279	0.961	1.053	0.0	5663.0	8.1	
TrES-4 A b	2	0.917	1.706	3.5539268	0.05084	0.0	0.0	0.0	0.0	82.81	1782.0	0.0	transit	2007	13/01/27	17.8869444444	37.2116666667	485.0	0.88	0.85	0.001	0.0	0.0	
KOI-94 b	0	0.0330298	0.1558328	3.743208	0.05119	0.25	0.0	0.0	0.0	89.3	1486.0	0.0	transit	2012	13/03/15	19.8222222222	41.8911111111	426.2	1.277	1.52	0.0228	6182.0	3.16	
Earth	0	0.0031457007	0.091130294	365.2422	1.00000018	0.01673163	102.93005885	100.46691572	-5.11260389	-0.00054346	255.0	0.0		0	12/01/01	0.0	0.0	0.0	1.0	1.0	1e-08	0.0	0.0	
WASP-48 b	0	0.98	1.67	2.143634	0.03444	0.0	0.0	0.0	0.0	80.09	1882.7	0.0	transit	2011	11/04/15	19.4108333333	55.4730555556	0.0	1.19	1.75	-0.12	5990.0	0.0	
WASP-43 b	0	2.034	1.036	0.81347753	0.01526	0.0035	0.0	0.0	0.0	82.33	1317.6	0.0	transit	2011	12/05/29	10.3272222222	-8.19361111111	0.0	0.717	0.667	-0.01	4520.0	0.0	
HATS-2 b	0	1.345	1.168	1.354133	0.023	0.0	0.0	0.0	0.0	87.2	1577.0	0.0	transit	2013	13/04/08	11.7825	-21.6372222222	360.0	0.88	0.89	0.15	5227.0	9.7	
